Supplemental results for CODEML (seqf: /Users/jule/Desktop/dNdS_analysis/BUSCO_alignments_trimmed_final/304806at32523.fa  treef: /Users/jule/Desktop/dNdS_analysis/gene_trees/RAxML_bestTree.304806at32523)


pairwise comparison (Goldman & Yang 1994)
seq seq        N       S       dN       dS     dN/dS   Paras.
  2   1    187.2     52.8   0.0001   0.1227   0.0010   0.0813   0.0010  -339.432
  3   1    186.4     53.6   0.0001   0.1214   0.0010   0.0816   0.0010  -341.018
  3   2    186.7     53.3   0.0000   0.0389   0.0010   0.0260   0.0010  -324.943
  4   1    186.0     54.0   0.0001   0.1195   0.0010   0.0809   0.0010  -340.881
  4   2    186.4     53.6   0.0000   0.0383   0.0010   0.0258   0.0010  -324.781
  4   3    185.6     54.4   0.0000   0.0379   0.0010   0.0259   0.0010  -326.245
  5   1    187.0     53.0   0.0001   0.1216   0.0010   0.0808   0.0010  -339.863
  5   2    187.4     52.6   0.0000   0.0389   0.0010   0.0257   0.0010  -323.863
  5   3    186.6     53.4   0.0000   0.0385   0.0010   0.0258   0.0010  -325.448
  5   4    186.2     53.8   0.0000   0.0381   0.0010   0.0257   0.0010  -325.253
  6   1    187.2     52.8   0.0001   0.0795   0.0010   0.0526   0.0010  -331.002
  6   2    187.6     52.4   0.0000   0.0390   0.0010   0.0256   0.0010  -324.267
  6   3    186.8     53.2   0.0000   0.0388   0.0010   0.0259   0.0010  -325.844
  6   4    186.4     53.6   0.0000   0.0382   0.0010   0.0257   0.0010  -325.674
  6   5    187.4     52.6   0.0000   0.0389   0.0010   0.0256   0.0010  -324.721
  7   1    186.4     53.6   0.0001   0.1213   0.0010   0.0816   0.0010  -341.018
  7   2    186.7     53.3   0.0000   0.0389   0.0010   0.0260   0.0010  -324.943
  7   3    186.0     54.0   0.0000   0.0000   1.0005   0.0000   1.0005  -314.083
  7   4    185.6     54.4   0.0000   0.0379   0.0010   0.0258   0.0010  -326.245
  7   5    186.6     53.4   0.0000   0.0383   0.0010   0.0257   0.0010  -325.448
  7   6    186.8     53.2   0.0000   0.0388   0.0010   0.0259   0.0010  -325.844
  8   1    186.9     53.1   0.0002   0.1902   0.0010   0.1268   0.0010  -347.918
  8   2    187.2     52.8   0.0001   0.1012   0.0010   0.0670   0.0010  -334.421
  8   3    186.4     53.6   0.0001   0.1003   0.0010   0.0674   0.0010  -336.001
  8   4    186.1     53.9   0.0001   0.0784   0.0010   0.0529   0.0010  -332.243
  8   5    187.1     52.9   0.0001   0.1005   0.0010   0.0667   0.0010  -334.950
  8   6    187.4     52.6   0.0001   0.1013   0.0010   0.0669   0.0010  -335.237
  8   7    186.4     53.6   0.0001   0.1003   0.0010   0.0674   0.0010  -336.001
  9   1    186.8     53.2   0.0002   0.2385   0.0010   0.1592   0.0010  -354.572
  9   2    187.1     52.9   0.0001   0.1446   0.0010   0.0959   0.0010  -342.061
  9   3    186.4     53.6   0.0001   0.1433   0.0010   0.0964   0.0010  -343.562
  9   4    186.0     54.0   0.0001   0.1197   0.0010   0.0811   0.0010  -340.240
  9   5    187.0     53.0   0.0001   0.1435   0.0010   0.0954   0.0010  -342.618
  9   6    187.2     52.8   0.0001   0.1446   0.0010   0.0958   0.0010  -343.060
  9   7    186.4     53.6   0.0001   0.1433   0.0010   0.0964   0.0010  -343.562
  9   8    186.9     53.1   0.0002   0.1636   0.0010   0.1090   0.0010  -342.192
 10   1    186.8     53.2   0.0001   0.0995   0.0010   0.0664   0.0010  -336.356
 10   2    187.1     52.9   0.0000   0.0191   0.0010   0.0127   0.0010  -318.945
 10   3    186.4     53.6   0.0000   0.0190   0.0010   0.0128   0.0010  -320.492
 10   4    186.0     54.0   0.0000   0.0187   0.0010   0.0127   0.0010  -320.318
 10   5    187.0     53.0   0.0000   0.0190   0.0010   0.0126   0.0010  -319.414
 10   6    187.2     52.8   0.0000   0.0191   0.0010   0.0127   0.0010  -319.817
 10   7    186.4     53.6   0.0000   0.0190   0.0010   0.0128   0.0010  -320.492
 10   8    186.9     53.1   0.0001   0.0791   0.0010   0.0527   0.0010  -331.164
 10   9    186.8     53.2   0.0001   0.1208   0.0010   0.0807   0.0010  -339.243
 11   1    186.8     53.2   0.0001   0.0995   0.0010   0.0664   0.0010  -336.356
 11   2    187.1     52.9   0.0000   0.0191   0.0010   0.0127   0.0010  -318.945
 11   3    186.4     53.6   0.0000   0.0190   0.0010   0.0128   0.0010  -320.492
 11   4    186.0     54.0   0.0000   0.0187   0.0010   0.0127   0.0010  -320.318
 11   5    187.0     53.0   0.0000   0.0190   0.0010   0.0126   0.0010  -319.414
 11   6    187.2     52.8   0.0000   0.0192   0.0010   0.0127   0.0010  -319.817
 11   7    186.4     53.6   0.0000   0.0190   0.0010   0.0128   0.0010  -320.492
 11   8    186.9     53.1   0.0001   0.0791   0.0010   0.0527   0.0010  -331.164
 11   9    186.8     53.2   0.0001   0.1208   0.0010   0.0807   0.0010  -339.243
 11  10    186.8     53.2   0.0000   0.0000   0.8009   0.0000   0.8009  -313.087
 12   1    187.4     52.6   0.0002   0.1896   0.0010   0.1252   0.0010  -347.830
 12   2    187.7     52.3   0.0001   0.1448   0.0010   0.0950   0.0010  -341.137
 12   3    186.9     53.1   0.0001   0.1434   0.0010   0.0955   0.0010  -342.683
 12   4    186.5     53.5   0.0001   0.1411   0.0010   0.0946   0.0010  -342.563
 12   5    187.5     52.5   0.0001   0.1435   0.0010   0.0945   0.0010  -341.647
 12   6    187.7     52.3   0.0001   0.1446   0.0010   0.0948   0.0010  -342.186
 12   7    186.9     53.1   0.0001   0.1434   0.0010   0.0955   0.0010  -342.683
 12   8    187.3     52.7   0.0002   0.2139   0.0010   0.1413   0.0010  -349.362
 12   9    187.3     52.7   0.0001   0.1221   0.0010   0.0807   0.0010  -340.264
 12  10    187.3     52.7   0.0001   0.1208   0.0010   0.0798   0.0010  -338.330
 12  11    187.3     52.7   0.0001   0.1208   0.0010   0.0798   0.0010  -338.330
 13   1    187.0     53.0   0.0002   0.1655   0.0010   0.1101   0.0010  -344.382
 13   2    187.3     52.7   0.0001   0.0793   0.0010   0.0524   0.0010  -330.089
 13   3    186.5     53.5   0.0001   0.0786   0.0010   0.0527   0.0010  -331.647
 13   4    186.2     53.8   0.0001   0.0774   0.0010   0.0523   0.0010  -331.496
 13   5    187.2     52.8   0.0001   0.0787   0.0010   0.0521   0.0010  -330.596
 13   6    187.4     52.6   0.0001   0.0793   0.0010   0.0523   0.0010  -331.042
 13   7    186.5     53.5   0.0001   0.0784   0.0010   0.0526   0.0010  -331.647
 13   8    187.1     52.9   0.0001   0.1437   0.0010   0.0954   0.0010  -339.723
 13   9    186.9     53.1   0.0001   0.0998   0.0010   0.0664   0.0010  -337.105
 13  10    186.9     53.1   0.0001   0.0586   0.0010   0.0390   0.0010  -326.572
 13  11    186.9     53.1   0.0001   0.0580   0.0010   0.0386   0.0010  -326.572
 13  12    187.5     52.5   0.0001   0.0998   0.0010   0.0657   0.0010  -336.117
 14   1    187.7     52.3   0.0003   0.2929   0.0010   0.1921   0.0010  -356.186
 14   2    188.1     51.9   0.0002   0.2418   0.0010   0.1574   0.0010  -350.355
 14   3    187.3     52.7   0.0002   0.2398   0.0010   0.1585   0.0010  -351.915
 14   4    187.0     53.0   0.0002   0.2362   0.0010   0.1570   0.0010  -351.875
 14   5    188.0     52.0   0.0002   0.2402   0.0010   0.1567   0.0010  -350.443
 14   6    188.3     51.7   0.0002   0.2428   0.0010   0.1575   0.0010  -351.295
 14   7    187.3     52.7   0.0002   0.2398   0.0010   0.1585   0.0010  -351.915
 14   8    188.1     51.9   0.0003   0.2700   0.0010   0.1758   0.0010  -353.426
 14   9    187.8     52.2   0.0003   0.2665   0.0010   0.1746   0.0010  -353.545
 14  10    187.8     52.2   0.0002   0.2142   0.0010   0.1403   0.0010  -348.112
 14  11    187.8     52.2   0.0002   0.2142   0.0010   0.1403   0.0010  -348.112
 14  12    188.2     51.8   0.0002   0.2153   0.0010   0.1400   0.0010  -347.219
 14  13    188.0     52.0   0.0002   0.2385   0.0010   0.1558   0.0010  -350.447
 15   1    186.8     53.2   0.0001   0.0995   0.0010   0.0664   0.0010  -336.356
 15   2    187.1     52.9   0.0000   0.0192   0.0010   0.0127   0.0010  -318.945
 15   3    186.4     53.6   0.0000   0.0190   0.0010   0.0128   0.0010  -320.492
 15   4    186.0     54.0   0.0000   0.0188   0.0010   0.0127   0.0010  -320.318
 15   5    187.0     53.0   0.0000   0.0191   0.0010   0.0127   0.0010  -319.414
 15   6    187.2     52.8   0.0000   0.0192   0.0010   0.0127   0.0010  -319.817
 15   7    186.4     53.6   0.0000   0.0190   0.0010   0.0128   0.0010  -320.492
 15   8    186.9     53.1   0.0001   0.0791   0.0010   0.0527   0.0010  -331.164
 15   9    186.8     53.2   0.0001   0.1208   0.0010   0.0807   0.0010  -339.243
 15  10    186.8     53.2   0.0000   0.0000   0.6269   0.0000   0.6269  -313.088
 15  11    186.8     53.2   0.0000   0.0000   0.7833   0.0000   0.7833  -313.087
 15  12    187.3     52.7   0.0001   0.1208   0.0010   0.0798   0.0010  -338.330
 15  13    186.9     53.1   0.0001   0.0580   0.0010   0.0386   0.0010  -326.572
 15  14    187.8     52.2   0.0002   0.2142   0.0010   0.1403   0.0010  -348.112
 16   1    185.5     54.5   0.0002   0.2069   0.0010   0.1414   0.0010  -350.912
 16   2    185.8     54.2   0.0002   0.1622   0.0010   0.1103   0.0010  -344.505
 16   3    185.1     54.9   0.0002   0.1609   0.0010   0.1108   0.0010  -345.915
 16   4    184.8     55.2   0.0002   0.1586   0.0010   0.1098   0.0010  -345.813
 16   5    185.7     54.3   0.0002   0.1611   0.0010   0.1098   0.0010  -345.036
 16   6    185.9     54.1   0.0002   0.1623   0.0010   0.1102   0.0010  -345.453
 16   7    185.1     54.9   0.0002   0.1609   0.0010   0.1108   0.0010  -345.915
 16   8    185.6     54.4   0.0002   0.2319   0.0010   0.1583   0.0010  -352.366
 16   9    185.5     54.5   0.0002   0.1843   0.0010   0.1261   0.0010  -350.815
 16  10    185.5     54.5   0.0001   0.1384   0.0010   0.0947   0.0010  -341.795
 16  11    185.5     54.5   0.0001   0.1384   0.0010   0.0947   0.0010  -341.795
 16  12    186.0     54.0   0.0001   0.1395   0.0010   0.0945   0.0010  -343.404
 16  13    185.6     54.4   0.0001   0.0768   0.0010   0.0524   0.0010  -333.106
 16  14    186.4     53.6   0.0002   0.2327   0.0010   0.1564   0.0010  -351.164
 16  15    185.5     54.5   0.0001   0.1384   0.0010   0.0947   0.0010  -341.795
 17   1    187.8     52.2   0.0001   0.1449   0.0010   0.0950   0.0010  -342.346
 17   2    188.1     51.9   0.0001   0.0596   0.0010   0.0388   0.0010  -327.299
 17   3    187.3     52.7   0.0001   0.0588   0.0010   0.0389   0.0010  -328.943
 17   4    186.9     53.1   0.0001   0.0583   0.0010   0.0388   0.0010  -328.770
 17   5    188.0     52.0   0.0001   0.0591   0.0010   0.0386   0.0010  -327.837
 17   6    188.2     51.8   0.0001   0.0595   0.0010   0.0387   0.0010  -328.232
 17   7    187.3     52.7   0.0001   0.0590   0.0010   0.0390   0.0010  -328.943
 17   8    187.8     52.2   0.0001   0.1232   0.0010   0.0806   0.0010  -337.560
 17   9    187.7     52.3   0.0002   0.1677   0.0010   0.1100   0.0010  -344.927
 17  10    187.7     52.3   0.0000   0.0387   0.0010   0.0254   0.0010  -323.435
 17  11    187.7     52.3   0.0000   0.0389   0.0010   0.0255   0.0010  -323.435
 17  12    188.3     51.7   0.0002   0.1677   0.0010   0.1088   0.0010  -343.869
 17  13    187.9     52.1   0.0001   0.0590   0.0010   0.0386   0.0010  -326.225
 17  14    188.8     51.2   0.0003   0.2686   0.0010   0.1726   0.0010  -352.754
 17  15    187.7     52.3   0.0000   0.0387   0.0010   0.0254   0.0010  -323.435
 17  16    186.3     53.7   0.0001   0.1407   0.0010   0.0947   0.0010  -341.456

